[gd_scene format=3 uid="uid://csaxapkaficrj"]

[ext_resource type="PackedScene" uid="uid://ou10wx1f1tgr" path="res://scenes/player.tscn" id="1_uwrxv"]
[ext_resource type="PackedScene" uid="uid://bsnff2q5rwp7q" path="res://scenes/platform.tscn" id="2_yqjtg"]

[sub_resource type="ProceduralSkyMaterial" id="ProceduralSkyMaterial_uwrxv"]
sky_top_color = Color(0.46618116, 0.46618068, 0.46618092, 1)
sky_horizon_color = Color(0.50499046, 0.50499034, 0.50499034, 1)
ground_bottom_color = Color(0, 0, 0, 1)
ground_horizon_color = Color(0.50499046, 0.50499034, 0.50499034, 1)

[sub_resource type="Sky" id="Sky_yqjtg"]
sky_material = SubResource("ProceduralSkyMaterial_uwrxv")

[sub_resource type="Environment" id="Environment_lnu2h"]
background_mode = 2
sky = SubResource("Sky_yqjtg")
tonemap_mode = 2
glow_enabled = true

[sub_resource type="BoxShape3D" id="BoxShape3D_yqjtg"]
size = Vector3(37.904053, 0.001, 20.007813)

[sub_resource type="PlaneMesh" id="PlaneMesh_lnu2h"]

[sub_resource type="BoxShape3D" id="BoxShape3D_uwrxv"]

[sub_resource type="BoxMesh" id="BoxMesh_yqjtg"]

[node name="game" type="Node3D" unique_id=577685630]
transform = Transform3D(0.9999479, 0, 0.010209999, 0, 1, 0, -0.010209999, 0, 0.9999479, 0, 0, 0)

[node name="WorldEnvironment" type="WorldEnvironment" parent="." unique_id=1851348246]
environment = SubResource("Environment_lnu2h")

[node name="DirectionalLight3D" type="DirectionalLight3D" parent="." unique_id=1731767132]
transform = Transform3D(-0.8660254, -0.43301278, 0.25, 0, 0.49999997, 0.86602545, -0.50000006, 0.75, -0.43301266, 0, 0, 0)
light_color = Color(0.849263, 0.8675701, 0.9290151, 1)
shadow_enabled = true

[node name="platform" type="Node3D" parent="." unique_id=1051521203]

[node name="StaticBody3D" type="StaticBody3D" parent="platform" unique_id=45399465]

[node name="CollisionShape3D" type="CollisionShape3D" parent="platform/StaticBody3D" unique_id=1004325228]
shape = SubResource("BoxShape3D_yqjtg")

[node name="MeshInstance3D" type="MeshInstance3D" parent="platform/StaticBody3D/CollisionShape3D" unique_id=749264635]
transform = Transform3D(18.759586, 0, 0, 0, 1, 0, 0, 0, 10, 0, 0, 0)
mesh = SubResource("PlaneMesh_lnu2h")
skeleton = NodePath("../../..")

[node name="player" parent="." unique_id=1356530621 instance=ExtResource("1_uwrxv")]
transform = Transform3D(1, 0, 0, 0, 1, 0, 0, 0, 1, 0.2689495, 6.63983, 0.15692139)

[node name="eyes" type="Node3D" parent="player" unique_id=1663447133]
transform = Transform3D(1, 0, 0, 0, 1, 0, 0, 0, 1, 0, 0.54708743, 0)

[node name="Node3D" type="Node3D" parent="player/eyes" unique_id=540393082]
transform = Transform3D(1, 0, 0, 0, 1, 0, 0, 0, 1, 0, 0, 0.040824413)

[node name="Camera3D" type="Camera3D" parent="player/eyes/Node3D" unique_id=1842786548]
transform = Transform3D(1, 0, 0, 0, 0.96727663, 0.2537242, 0, -0.2537242, 0.96727663, 0.92219925, 1.5513735, 2.600268)

[node name="Node3D" type="Node3D" parent="." unique_id=946339735]
transform = Transform3D(1, 0, 0, 0, 1, 0, 0, 0, 1, 0, 0.5, 6)

[node name="StaticBody3D" type="StaticBody3D" parent="Node3D" unique_id=958671750]

[node name="CollisionShape3D" type="CollisionShape3D" parent="Node3D/StaticBody3D" unique_id=223700598]
shape = SubResource("BoxShape3D_uwrxv")

[node name="MeshInstance3D" type="MeshInstance3D" parent="Node3D/StaticBody3D/CollisionShape3D" unique_id=1642956705]
mesh = SubResource("BoxMesh_yqjtg")

[node name="Node3D2" parent="." unique_id=1668499062 instance=ExtResource("2_yqjtg")]
transform = Transform3D(1, 0, 0, 0, 1, 0, 0, 0, 1, -0.14048386, 0, -22.539232)

[node name="Node3D3" parent="." unique_id=1552329350 instance=ExtResource("2_yqjtg")]
transform = Transform3D(1, 0, 0, 0, 1, 0, 0, 0, 1, -17.468946, 1.125535, -41.746765)

[node name="Node3D4" parent="." unique_id=1517282573 instance=ExtResource("2_yqjtg")]
transform = Transform3D(0.97748226, -0.21101773, 0, 0.21101773, 0.97748226, 0, 0, 0, 1, -1.6778426, 0, -58.027668)

[node name="Node3D5" parent="." unique_id=1028108194 instance=ExtResource("2_yqjtg")]
transform = Transform3D(0.9787208, -0.20519647, 1.7938845e-08, -0.20519647, -0.9787208, 8.556249e-08, 0, -8.742278e-08, -1, 13.734924, 3.8064885, -0.62195253)

[node name="Node3D6" parent="." unique_id=2127619818 instance=ExtResource("2_yqjtg")]
transform = Transform3D(1, 0, 0, 0, 1, 0, 0, 0, 1, 27.2023, -3.1248534, 1.4575214)

[node name="Node3D7" parent="." unique_id=61465861 instance=ExtResource("2_yqjtg")]
transform = Transform3D(0.99998766, 0.0048281974, 0.0012136819, -0.0048281974, 0.88112193, 0.47286448, 0.0012136819, -0.47286448, 0.8811344, 18.89642, -2.0028372, 22.67175)

[node name="Node3D8" parent="." unique_id=770572982 instance=ExtResource("2_yqjtg")]
transform = Transform3D(0.9999978, 0.0002810117, -0.0023789736, -0.002378972, 0.23299184, -0.9724762, 0.00028100796, 0.972479, 0.23299216, -25.944382, 2.39538, -7.3252697)

[node name="Node3D9" parent="." unique_id=676891325 instance=ExtResource("2_yqjtg")]
transform = Transform3D(-0.9999459, -0.010471872, -2.0408455e-08, -0.0024445918, 0.23343271, -0.9723704, 0.010182542, -0.9723169, -0.23344553, -26.095835, 2.39538, 7.5078163)
